Nurse capacity : 1000
Depot return time : 1000
----------------------------------------------------------------------------------------------------
Nurse 1 (N1)	0.0	0	D(0) -> D(0.0)
Nurse 2 (N2)	0.0	0	D(0) -> D(0.0)
Nurse 3 (N3)	0.0	0	D(0) -> D(0.0)
Nurse 4 (N4)	18.03275925283613	32	D(0) -> 27(5.0 | 15.0) [5 | 622] -> 28(21.70820393249937 | 31.70820393249937) [44 | 335] -> D(38.03275925283613)
Nurse 5 (N5)	0.0	0	D(0) -> D(0.0)
Nurse 6 (N6)	0.0	0	D(0) -> D(0.0)
Nurse 7 (N7)	0.0	0	D(0) -> D(0.0)
Nurse 8 (N8)	0.0	0	D(0) -> D(0.0)
Nurse 9 (N9)	31.94566879357445	58	D(0) -> 26(11.180339887498949 | 21.18033988749895) [548 | 717] -> 40(28.251407699364425 | 38.25140769936442) [243 | 564] -> 58(42.37451332498208 | 52.37451332498208) [458 | 990] -> 53(57.47353283857487 | 67.47353283857487) [301 | 612] -> D(71.94566879357444)
Nurse 10 (N10)	0.0	0	D(0) -> D(0.0)
Nurse 11 (N11)	0.0	0	D(0) -> D(0.0)
Nurse 12 (N12)	0.0	0	D(0) -> D(0.0)
Nurse 13 (N13)	0.0	0	D(0) -> D(0.0)
Nurse 14 (N14)	0.0	0	D(0) -> D(0.0)
Nurse 15 (N15)	225.33218163231942	280	D(0) -> 31(17.46424919657298 | 27.46424919657298) [91 | 346] -> 11(44.49363556249938 | 54.49363556249938) [33 | 520] -> 19(61.56470337436485 | 71.56470337436485) [215 | 442] -> 47(79.6269611226634 | 89.6269611226634) [34 | 372] -> 36(96.83806367359138 | 106.83806367359138) [41 | 720] -> 49(115.78233558359054 | 125.78233558359054) [444 | 607] -> 64(138.51025764494838 | 148.51025764494838) [46 | 533] -> 62(169.534053686577 | 179.534053686577) [25 | 593] -> 7(188.47832559657616 | 198.47832559657616) [292 | 459] -> 8(210.68488121230985 | 220.68488121230985) [288 | 607] -> 46(230.11886234436645 | 240.11886234436645) [458 | 695] -> 45(250.88919195863545 | 260.8891919586355) [29 | 679] -> 82(273.6171140199933 | 283.6171140199933) [99 | 362] -> 48(289.00227882712784 | 299.00227882712784) [694 | 972] -> 88(312.00227882712784 | 322.00227882712784) [114 | 563] -> 69(334.0853248007224 | 344.0853248007224) [12 | 545] -> 50(354.0853248007224 | 364.0853248007224) [499 | 700] -> 76(369.4704896078569 | 379.4704896078569) [166 | 507] -> 1(390.1006354205916 | 400.1006354205916) [636 | 929] -> D(415.33218163231936)
Nurse 16 (N16)	0.0	0	D(0) -> D(0.0)
Nurse 17 (N17)	163.36585466054873	319	D(0) -> 99(17.4928556845359 | 27.4928556845359) [185 | 590] -> 96(29.72892366203569 | 39.72892366203569) [565 | 742] -> 89(48.67319557203485 | 58.67319557203485) [649 | 991] -> 6(63.772215085627636 | 73.77221508562764) [266 | 673] -> 94(76.93449274579602 | 86.93449274579602) [403 | 546] -> 13(91.40662870079561 | 101.40662870079561) [426 | 988] -> 95(106.50564821438839 | 116.50564821438839) [22 | 311] -> 97(119.50564821438839 | 129.50564821438837) [582 | 713] -> 59(134.50564821438837 | 144.50564821438837) [17 | 451] -> 5(152.99092958862695 | 162.99092958862695) [20 | 380] -> 17(172.99092958862695 | 182.99092958862695) [409 | 969] -> 84(189.07369211892518 | 199.07369211892518) [323 | 634] -> 83(205.78189605142455 | 215.78189605142455) [21 | 338] -> 18(222.49009998392393 | 232.49009998392393) [349 | 472] -> 52(240.10587308978785 | 250.10587308978785) [111 | 372] -> 60(263.5594971368616 | 273.5594971368616) [651 | 942] -> 92(286.5594971368616 | 296.5594971368616) [18 | 683] -> 98(299.72177479703 | 309.72177479703) [122 | 377] -> 37(311.1359883594031 | 321.1359883594031) [563 | 746] -> 100(323.9644154841493 | 333.9644154841493) [297 | 975] -> 91(337.1266931443177 | 347.1266931443177) [675 | 940] -> 85(350.2889708044861 | 360.2889708044861) [333 | 514] -> 93(363.1173979292323 | 373.1173979292323) [339 | 979] -> D(393.3658546605489)
Nurse 18 (N18)	0.0	0	D(0) -> D(0.0)
Nurse 19 (N19)	0.0	0	D(0) -> D(0.0)
Nurse 20 (N20)	0.0	0	D(0) -> D(0.0)
Nurse 21 (N21)	0.0	0	D(0) -> D(0.0)
Nurse 22 (N22)	0.0	0	D(0) -> D(0.0)
Nurse 23 (N23)	264.81774830352634	376	D(0) -> 12(15.0 | 25.0) [170 | 413] -> 68(32.211102550927976 | 42.211102550927976) [464 | 935] -> 77(47.211102550927976 | 57.211102550927976) [430 | 980] -> 9(74.32834531955166 | 84.32834531955166) [254 | 653] -> 65(102.7131216304019 | 112.7131216304019) [49 | 618] -> 71(123.0087517713889 | 133.00875177138892) [218 | 427] -> 35(139.7169557038883 | 149.7169557038883) [439 | 958] -> 66(165.8414712004854 | 175.8414712004854) [440 | 855] -> 20(184.78574311048453 | 194.78574311048453) [538 | 719] -> 32(205.55607272475353 | 215.55607272475353) [602 | 845] -> 63(223.55607272475353 | 233.55607272475353) [34 | 358] -> 90(238.0282086797531 | 248.0282086797531) [345 | 544] -> 10(255.09927649161858 | 265.0992764916186) [496 | 723] -> 30(275.0992764916186 | 285.0992764916186) [115 | 508] -> 70(290.0992764916186 | 300.0992764916186) [249 | 978] -> 51(312.26480155221503 | 322.26480155221503) [296 | 515] -> 3(336.5826226154914 | 346.5826226154914) [498 | 623] -> 79(350.1881738909554 | 360.1881738909554) [273 | 590] -> 78(365.84502814044777 | 375.84502814044777) [212 | 681] -> 34(380.84502814044777 | 390.84502814044777) [487 | 666] -> 81(400.8949037615687 | 410.8949037615687) [388 | 489] -> 33(413.7233308863149 | 423.7233308863149) [24 | 656] -> 29(438.5893996336334 | 448.5893996336334) [129 | 384] -> 24(455.66046744549885 | 465.66046744549885) [633 | 928] -> 54(475.66046744549885 | 485.66046744549885) [595 | 790] -> 80(493.7227251937974 | 503.7227251937974) [452 | 978] -> D(524.8177483035264)
Nurse 24 (N24)	0.0	0	D(0) -> D(0.0)
Nurse 25 (N25)	271.74410686560265	393	D(0) -> 75(27.784887978899608 | 37.784887978899604) [182 | 409] -> 56(41.907993604517266 | 51.907993604517266) [426 | 861] -> 39(58.907993604517266 | 68.90799360451726) [33 | 807] -> 67(78.80748854112892 | 88.80748854112892) [132 | 573] -> 23(100.80748854112892 | 110.80748854112892) [36 | 523] -> 22(121.98782842862786 | 131.98782842862786) [280 | 633] -> 41(136.23046911574716 | 146.23046911574716) [225 | 692] -> 74(153.44157166667515 | 163.44157166667515) [479 | 975] -> 73(167.91370762167472 | 177.91370762167472) [263 | 454] -> 57(190.91370762167472 | 200.91370762167472) [366 | 595] -> 15(208.19381751095523 | 218.19381751095523) [30 | 539] -> 43(225.47392740023574 | 235.47392740023574) [578 | 757] -> 14(246.10407321297038 | 256.1040732129704) [32 | 464] -> 38(267.28441310046935 | 277.28441310046935) [147 | 570] -> 44(288.10106692686134 | 298.10106692686134) [72 | 511] -> 16(304.18382945715956 | 314.18382945715956) [222 | 433] -> 61(318.65596541215916 | 328.65596541215916) [246 | 431] -> 86(338.65596541215916 | 348.65596541215916) [350 | 513] -> 42(369.53657842998024 | 379.53657842998024) [25 | 626] -> 87(386.7476809809082 | 396.7476809809082) [380 | 497] -> 2(403.8187487927737 | 413.8187487927737) [74 | 361] -> 21(424.25905530168427 | 434.25905530168427) [156 | 399] -> 72(438.73119125668387 | 448.73119125668387) [22 | 387] -> 4(457.675463166683 | 467.675463166683) [470 | 975] -> 25(477.675463166683 | 487.675463166683) [400 | 966] -> 55(491.281014442147 | 501.281014442147) [442 | 927] -> D(531.7441068656026)
----------------------------------------------------------------------------------------------------
Objective value (total duration): 975.2383195084076
